-1.85055e-05 0.0314159 0.015707
-7.4022e-05 0.0628318 0.0314101
-0.000166549 0.0942475 0.0471054
-0.000296087 0.125663 0.0627892
-0.000462635 0.157078 0.0784574
-0.000666194 0.188493 0.0941063
-0.000906761 0.219907 0.109732
-0.00118434 0.251321 0.125331
-0.00149892 0.282734 0.140898
-0.00185051 0.314147 0.156431
-0.00223911 0.345558 0.171925
-0.00266472 0.376969 0.187377
-0.00312732 0.408379 0.202783
-0.00362694 0.439788 0.218139
-0.00416355 0.471196 0.23344
-0.00473716 0.502602 0.248685
-0.00534778 0.534008 0.263867
-0.00599539 0.565412 0.278985
-0.00668 0.596814 0.294034
-0.0074016 0.628216 0.30901
-0.00816019 0.659615 0.323911
-0.00895578 0.691013 0.338731
-0.00978835 0.72241 0.353467
-0.0106579 0.753804 0.368117
-0.0115645 0.785197 0.382675
-0.012508 0.816587 0.39714
-0.0134885 0.847976 0.411506
-0.014506 0.879363 0.42577
-0.0155604 0.910747 0.43993
-0.0166519 0.94213 0.453981
-0.0177803 0.973509 0.46792
-0.0189457 1.00489 0.481744
-0.020148 1.03626 0.495449
-0.0213873 1.06763 0.509031
-0.0226635 1.099 0.522488
-0.0239768 1.13037 0.535816
-0.0253269 1.16174 0.549012
-0.026714 1.1931 0.562072
-0.0281381 1.22446 0.574994
-0.0295991 1.25581 0.587773
-0.031097 1.28716 0.600408
-0.0326319 1.31851 0.612895
-0.0342037 1.34986 0.62523
-0.0358124 1.3812 0.637411
-0.0374581 1.41254 0.649435
-0.0391406 1.44388 0.661299
-0.0408601 1.47521 0.672999
-0.0426165 1.50654 0.684534
-0.0444098 1.53786 0.695899
-0.04624 1.56918 0.707093
-0.0481071 1.6005 0.718113
-0.0500111 1.63181 0.728955
-0.051952 1.66312 0.739617
-0.0539297 1.69443 0.750097
-0.0559444 1.72573 0.760392
-0.0579959 1.75702 0.770499
-0.0600842 1.78832 0.780416
-0.0622095 1.81961 0.79014
-0.0643716 1.85089 0.79967
-0.0665705 1.88217 0.809002
-0.0688063 1.91344 0.818135
-0.071079 1.94471 0.827066
-0.0733884 1.97598 0.835793
-0.0757347 2.00724 0.844313
-0.0781179 2.03849 0.852625
-0.0805378 2.06974 0.860727
-0.0829946 2.10098 0.868617
-0.0854881 2.13222 0.876292
-0.0880185 2.16346 0.883751
-0.0905857 2.19469 0.890992
-0.0931896 2.22591 0.898013
-0.0958303 2.25713 0.904812
-0.0985078 2.28834 0.911388
-0.101222 2.31955 0.91774
-0.103973 2.35075 0.923865
-0.106761 2.38194 0.929762
-0.109585 2.41313 0.935429
-0.112447 2.44432 0.940866
-0.115345 2.47549 0.946071
-0.118279 2.50667 0.951042
-0.121251 2.53783 0.955779
-0.124259 2.56899 0.96028
-0.127304 2.60014 0.964543
-0.130386 2.63129 0.968569
-0.133504 2.66243 0.972356
-0.136659 2.69356 0.975903
-0.13985 2.72469 0.97921
-0.143079 2.75581 0.982274
-0.146344 2.78692 0.985096
-0.149645 2.81803 0.987676
-0.152983 2.84913 0.990011
-0.156358 2.88022 0.992102
-0.15977 2.9113 0.993949
-0.163218 2.94238 0.99555
-0.166703 2.97345 0.996906
-0.170224 3.00451 0.998015
-0.173782 3.03557 0.998879
-0.177376 3.06662 0.999496
-0.181007 3.09766 0.999866
-0.184675 3.12869 0.99999
-0.188379 3.15972 0.999867
-0.19212 3.19073 0.999497
-0.195897 3.22174 0.998881
-0.199711 3.25275 0.998018
-0.203561 3.28374 0.996909
-0.207448 3.31472 0.995554
-0.211371 3.3457 0.993953
-0.215331 3.37667 0.992107
-0.219327 3.40763 0.990017
-0.22336 3.43858 0.987682
-0.227429 3.46953 0.985103
-0.231535 3.50046 0.982282
-0.235677 3.53139 0.979218
-0.239856 3.56231 0.975912
-0.244071 3.59322 0.972366
-0.248322 3.62412 0.968579
-0.25261 3.65501 0.964554
-0.256934 3.68589 0.960291
-0.261294 3.71676 0.955791
-0.265691 3.74763 0.951055
-0.270124 3.77848 0.946084
-0.274594 3.80933 0.94088
-0.2791 3.84016 0.935444
-0.283642 3.87099 0.929777
-0.288221 3.90181 0.92388
-0.292836 3.93262 0.917756
-0.297487 3.96341 0.911405
-0.302174 3.9942 0.90483
-0.306898 4.02498 0.898031
-0.311658 4.05575 0.89101
-0.316454 4.08651 0.88377
-0.321286 4.11725 0.876312
-0.326155 4.14799 0.868637
-0.33106 4.17872 0.860748
-0.336001 4.20944 0.852647
-0.340978 4.24014 0.844335
-0.345991 4.27084 0.835815
-0.351041 4.30153 0.827089
-0.356127 4.3322 0.818159
-0.361248 4.36287 0.809027
-0.366406 4.39352 0.799695
-0.3716 4.42416 0.790167
-0.37683 4.45479 0.780445
-0.382096 4.48541 0.770528
-0.387398 4.51602 0.760422
-0.392736 4.54662 0.750128
-0.398111 4.57721 0.739648
-0.403521 4.60778 0.728987
-0.408968 4.63835 0.718145
-0.41445 4.6689 0.707126
-0.419968 4.69945 0.695933
-0.425523 4.72998 0.684568
-0.431113 4.7605 0.673035
-0.436739 4.791 0.661335
-0.442402 4.8215 0.649472
-0.4481 4.85198 0.637449
-0.453834 4.88245 0.625268
-0.459604 4.91291 0.612933
-0.46541 4.94336 0.600447
-0.471251 4.97379 0.587813
-0.477129 5.00422 0.575034
-0.483042 5.03463 0.562113
-0.488991 5.06503 0.549053
-0.494976 5.09541 0.535858
-0.500997 5.12578 0.522531
-0.507054 5.15614 0.509075
-0.513146 5.18649 0.495493
-0.519274 5.21683 0.481789
-0.525438 5.24715 0.467966
-0.531637 5.27746 0.454027
-0.537873 5.30775 0.439977
-0.544143 5.33804 0.425818
-0.55045 5.36831 0.411554
-0.556792 5.39856 0.397188
-0.56317 5.42881 0.382725
-0.569584 5.45904 0.368167
-0.576033 5.48925 0.353518
-0.582517 5.51945 0.338782
-0.589037 5.54964 0.323963
-0.595593 5.57982 0.309063
-0.602185 5.60998 0.294087
-0.608811 5.64013 0.279039
-0.615474 5.67026 0.263922
-0.622172 5.70038 0.24874
-0.628905 5.73049 0.233496
-0.635674 5.76058 0.218195
-0.642478 5.79066 0.20284
-0.649318 5.82072 0.187435
-0.656193 5.85077 0.171984
-0.663103 5.8808 0.15649
-0.670049 5.91082 0.140958
-0.67703 5.94083 0.125391
-0.684047 5.97082 0.109793
-0.691099 6.0008 0.0941678
-0.698186 6.03076 0.0785195
-0.705308 6.0607 0.0628519
-0.712466 6.09063 0.0471688
-0.719659 6.12055 0.0314741
-0.726887 6.15045 0.0157716
-0.734151 6.18034 6.52704e-05
-0.741451 6.21021 -0.0156442
-0.748785 6.24007 -0.0313467
-0.756154 6.26991 -0.0470414
-0.763558 6.29973 -0.0627245
-0.770997 6.32954 -0.0783921
-0.778471 6.35934 -0.0940404
-0.785981 6.38911 -0.109665
-0.793525 6.41888 -0.125263
-0.801105 6.44862 -0.14083
-0.80872 6.47835 -0.156363
-0.816369 6.50807 -0.171856
-0.824054 6.53776 -0.187308
-0.831773 6.56745 -0.202713
-0.839528 6.59711 -0.218068
-0.847317 6.62676 -0.233369
-0.855142 6.65639 -0.248612
-0.863001 6.68601 -0.263795
-0.870895 6.71561 -0.278912
-0.878824 6.74519 -0.29396
-0.886788 6.77476 -0.308936
-0.894787 6.80431 -0.323835
-0.902821 6.83385 -0.338655
-0.910889 6.86336 -0.353391
-0.918992 6.89286 -0.36804
-0.92713 6.92234 -0.382598
-0.935302 6.95181 -0.397061
-0.94351 6.98126 -0.411427
-0.951752 7.01069 -0.425691
-0.960028 7.0401 -0.43985
-0.968339 7.0695 -0.4539
-0.976685 7.09888 -0.467839
-0.985066 7.12824 -0.481662
-0.993481 7.15759 -0.495366
-1.00193 7.18691 -0.508948
-1.01041 7.21622 -0.522404
-1.01893 7.24551 -0.535731
-1.02749 7.27478 -0.548927
-1.03607 7.30404 -0.561986
-1.0447 7.33328 -0.574907
-1.05335 7.36249 -0.587687
-1.06204 7.3917 -0.600321
-1.07077 7.42088 -0.612807
-1.07953 7.45004 -0.625142
-1.08832 7.47919 -0.637322
-1.09715 7.50832 -0.649345
-1.10601 7.53742 -0.661208
-1.11491 7.56651 -0.672908
-1.12384 7.59559 -0.684442
-1.13281 7.62464 -0.695807
-1.14181 7.65367 -0.707
-1.15084 7.68269 -0.718019
-1.15991 7.71168 -0.728861
-1.16901 7.74066 -0.739522
-1.17815 7.76962 -0.750002
-1.18732 7.79856 -0.760296
-1.19652 7.82748 -0.770402
-1.20576 7.85638 -0.780319
-1.21503 7.88526 -0.790043
-1.22434 7.91412 -0.799572
-1.23368 7.94296 -0.808903
-1.24306 7.97178 -0.818036
-1.25246 8.00059 -0.826966
-1.26191 8.02937 -0.835692
-1.27138 8.05813 -0.844212
-1.28089 8.08688 -0.852523
-1.29044 8.1156 -0.860625
-1.30001 8.1443 -0.868514
-1.30963 8.17299 -0.876188
-1.31927 8.20165 -0.883646
-1.32895 8.23029 -0.890887
-1.33866 8.25891 -0.897907
-1.34841 8.28752 -0.904706
-1.35819 8.3161 -0.911282
-1.36801 8.34466 -0.917633
-1.37785 8.3732 -0.923757
-1.38773 8.40172 -0.929653
-1.39765 8.43022 -0.935321
-1.4076 8.4587 -0.940757
-1.41758 8.48715 -0.945961
-1.42759 8.51559 -0.950932
-1.43764 8.54401 -0.955668
-1.44773 8.5724 -0.960168
-1.45784 8.60077 -0.964431
-1.46799 8.62913 -0.968456
-1.47817 8.65746 -0.972243
-1.48839 8.68577 -0.975789
-1.49864 8.71405 -0.979095
-1.50892 8.74232 -0.982159
-1.51924 8.77056 -0.98498
-1.52959 8.79879 -0.987559
-1.53997 8.82699 -0.989894
-1.55038 8.85517 -0.991985
-1.56083 8.88333 -0.993831
-1.57132 8.91146 -0.995431
-1.58183 8.93958 -0.996786
-1.59238 8.96767 -0.997895
-1.60296 8.99574 -0.998758
-1.61357 9.02379 -0.999375
-1.62422 9.05181 -0.999744
-1.6349 9.07981 -0.999867
-1.64562 9.1078 -0.999744
-1.65636 9.13575 -0.999374
-1.66714 9.16369 -0.998757
-1.67795 9.1916 -0.997893
-1.6888 9.21949 -0.996784
-1.69968 9.24736 -0.995428
-1.71059 9.2752 -0.993827
-1.72153 9.30303 -0.99198
-1.73251 9.33083 -0.989889
-1.74352 9.3586 -0.987554
-1.75456 9.38635 -0.984974
-1.76563 9.41408 -0.982152
-1.77674 9.44179 -0.979088
-1.78788 9.46947 -0.975781
-1.79905 9.49713 -0.972234
-1.81026 9.52477 -0.968448
-1.82149 9.55238 -0.964422
-1.83276 9.57997 -0.960158
-1.84407 9.60754 -0.955657
-1.8554 9.63508 -0.950921
-1.86677 9.6626 -0.945949
-1.87817 9.69009 -0.940745
-1.8896 9.71756 -0.935308
-1.90106 9.74501 -0.92964
-1.91256 9.77243 -0.923743
-1.92409 9.79983 -0.917618
-1.93565 9.8272 -0.911267
-1.94724 9.85455 -0.904691
-1.95887 9.88188 -0.897891
-1.97053 9.90918 -0.89087
-1.98222 9.93645 -0.883629
-1.99394 9.96371 -0.876171
-2.00569 9.99093 -0.868495
-2.01748 10.0181 -0.860606
-2.0293 10.0453 -0.852504
-2.04115 10.0725 -0.844192
-2.05303 10.0996 -0.835671
-2.06495 10.1267 -0.826945
-2.07689 10.1538 -0.818014
-2.08887 10.1808 -0.808881
-2.10088 10.2079 -0.799549
-2.11292 10.2349 -0.79002
-2.125 10.2618 -0.780295
-2.1371 10.2888 -0.770378
-2.14924 10.3157 -0.760271
-2.16141 10.3426 -0.749976
-2.17361 10.3695 -0.739496
-2.18584 10.3964 -0.728834
-2.1981 10.4232 -0.717992
-2.2104 10.45 -0.706973
-2.22273 10.4767 -0.695779
-2.23508 10.5035 -0.684413
-2.24747 10.5302 -0.672879
-2.2599 10.5569 -0.661178
-2.27235 10.5836 -0.649315
-2.28483 10.6102 -0.637291
-2.29735 10.6368 -0.62511
-2.3099 10.6634 -0.612774
-2.32247 10.69 -0.600288
-2.33508 10.7165 -0.587653
-2.34772 10.7431 -0.574873
-2.3604 10.7695 -0.561952
-2.3731 10.796 -0.548891
-2.38583 10.8224 -0.535695
-2.3986 10.8488 -0.522367
-2.41139 10.8752 -0.508911
-2.42422 10.9016 -0.495328
-2.43708 10.9279 -0.481623
-2.44997 10.9542 -0.4678
-2.46289 10.9805 -0.453861
-2.47584 11.0067 -0.43981
-2.48883 11.0329 -0.42565
-2.50184 11.0591 -0.411385
-2.51488 11.0853 -0.397019
-2.52796 11.1114 -0.382555
-2.54106 11.1375 -0.367996
-2.5542 11.1636 -0.353347
-2.56737 11.1897 -0.33861
-2.58057 11.2157 -0.32379
-2.59379 11.2417 -0.30889
-2.60705 11.2676 -0.293914
-2.62034 11.2936 -0.278865
-2.63366 11.3195 -0.263747
-2.64701 11.3454 -0.248564
-2.66039 11.3712 -0.23332
-2.67381 11.3971 -0.218018
-2.68725 11.4229 -0.202663
-2.70072 11.4486 -0.187257
-2.71422 11.4744 -0.171805
-2.72776 11.5001 -0.156311
-2.74132 11.5258 -0.140778
-2.75491 11.5515 -0.12521
-2.76854 11.5771 -0.109611
-2.78219 11.6027 -0.0939858
-2.79588 11.6283 -0.0783368
-2.80959 11.6538 -0.0626686
-2.82333 11.6793 -0.0469848
-2.83711 11.7048 -0.0312894
-2.85091 11.7303 -0.0155863
-2.86475 11.7557 0.000120694
-2.87861 11.7811 0.0158277
-2.89251 11.8065 0.0315308
-2.90643 11.8318 0.0472262
-2.92038 11.8571 0.06291
-2.93437 11.8824 0.0785783
-2.94838 11.9077 0.0942272
-2.96243 11.9329 0.109853
-2.9765 11.9581 0.125452
-2.9906 11.9833 0.141019
-3.00473 12.0084 0.156552
-3.01889 12.0335 0.172046
-3.03309 12.0586 0.187498
-3.04731 12.0836 0.202904
-3.06156 12.1087 0.21826
-3.07584 12.1337 0.233562
-3.09015 12.1586 0.248806
-3.10449 12.1835 0.263989
-3.11885 12.2084 0.279107
-3.13325 12.2333 0.294155
-3.14768 12.2581 0.309132
-3.16213 12.283 0.324032
-3.17662 12.3077 0.338852
-3.19113 12.3325 0.353589
-3.20568 12.3572 0.368238
-3.22025 12.3819 0.382797
-3.23485 12.4065 0.397261
-3.24948 12.4312 0.411627
-3.26414 12.4558 0.425892
-3.27883 12.4803 0.440052
-3.29355 12.5049 0.454103
-3.30829 12.5294 0.468042
-3.32307 12.5538 0.481866
-3.33787 12.5783 0.49557
-3.35271 12.6027 0.509153
-3.36757 12.6271 0.52261
-3.38246 12.6514 0.535938
-3.39738 12.6757 0.549134
-3.41232 12.7 0.562194
-3.4273 12.7243 0.575116
-3.44231 12.7485 0.587895
-3.45734 12.7727 0.60053
-3.4724 12.7968 0.613017
-3.48749 12.821 0.625352
-3.50261 12.8451 0.637533
-3.51776 12.8691 0.649557
-3.53293 12.8932 0.661421
-3.54813 12.9172 0.673121
-3.56337 12.9411 0.684656
-3.57863 12.9651 0.696021
-3.59391 12.989 0.707215
-3.60923 13.0128 0.718234
-3.62458 13.0367 0.729077
-3.63995 13.0605 0.739739
-3.65535 13.0843 0.750219
-3.67078 13.108 0.760514
-3.68623 13.1317 0.770621
-3.70172 13.1554 0.780538
-3.71723 13.179 0.790262
-3.7328 13.2027 0.799811
-3.74837 13.2263 0.809142
-3.76397 13.2498 0.818275
-3.77959 13.2734 0.827205
-3.79524 13.2968 0.835931
-3.81092 13.3203 0.844451
-3.82662 13.3437 0.852763
-3.84236 13.3671 0.860865
-3.85812 13.3904 0.868754
-3.87391 13.4138 0.876428
-3.88973 13.437 0.883887
-3.90557 13.4603 0.891127
-3.92144 13.4835 0.898148
-3.93734 13.5067 0.904947
-3.95327 13.5299 0.911523
-3.96922 13.553 0.917874
-3.9852 13.5761 0.923998
-4.00121 13.5991 0.929895
-4.01724 13.6221 0.935562
-4.0333 13.6451 0.940998
-4.04939 13.6681 0.946203
-4.06551 13.691 0.951173
-4.08165 13.7139 0.955909
-4.09782 13.7367 0.96041
-4.11402 13.7595 0.964673
-4.13024 13.7823 0.968699
-4.14649 13.8051 0.972485
-4.16277 13.8278 0.976032
-4.17907 13.8505 0.979337
-4.1954 13.8731 0.982401
-4.21176 13.8957 0.985223
-4.22814 13.9183 0.987802
-4.24455 13.9408 0.990137
-4.26099 13.9634 0.992228
-4.27745 13.9858 0.994074
-4.29394 14.0083 0.995675
-4.31046 14.0307 0.99703
-4.327 14.053 0.998139
-4.34357 14.0754 0.999002
-4.36017 14.0977 0.999618
-4.37679 14.12 0.999988
-4.39344 14.1422 1.00011
-4.41011 14.1644 0.999988
-4.42681 14.1865 0.999617
-4.44354 14.2087 0.999001
-4.46029 14.2308 0.998137
-4.47707 14.2528 0.997028
-4.49387 14.2748 0.995672
-4.5107 14.2968 0.994071
-4.52756 14.3188 0.992225
-4.54444 14.3407 0.990134
-4.56135 14.3626 0.987798
-4.57828 14.3844 0.985219
-4.59524 14.4062 0.982397
-4.61222 14.428 0.979333
-4.62924 14.4497 0.976027
-4.64627 14.4714 0.97248
-4.66333 14.4931 0.968693
-4.68042 14.5147 0.964667
-4.69753 14.5363 0.960403
-4.71467 14.5579 0.955903
-4.73183 14.5794 0.951166
-4.74902 14.6009 0.946195
-4.76624 14.6224 0.940991
-4.78348 14.6438 0.935554
-4.80074 14.6652 0.929887
-4.81803 14.6865 0.92399
-4.83534 14.7078 0.917865
-4.85268 14.7291 0.911514
-4.87005 14.7503 0.904938
-4.88744 14.7715 0.898138
-4.90485 14.7927 0.891117
-4.92229 14.8138 0.883877
-4.93976 14.8349 0.876418
-4.95725 14.8559 0.868743
-4.97476 14.8769 0.860854
-4.9923 14.8979 0.852752
-5.00986 14.9189 0.84444
-5.02745 14.9398 0.83592
-5.04506 14.9606 0.827193
-5.0627 14.9815 0.818263
-5.08036 15.0023 0.80913
-5.09805 15.023 0.799798
-5.11576 15.0437 0.790269
-5.1335 15.0644 0.780545
-5.15126 15.0851 0.770628
-5.16904 15.1057 0.760521
-5.18688 15.1263 0.750206
-5.20472 15.1468 0.739726
-5.22257 15.1673 0.729063
-5.24045 15.1878 0.718221
-5.25836 15.2082 0.707202
-5.27629 15.2286 0.696008
-5.29424 15.2489 0.684642
-5.31222 15.2692 0.673108
-5.33022 15.2895 0.661407
-5.34824 15.3098 0.649544
-5.36629 15.3299 0.63752
-5.38436 15.3501 0.625339
-5.40246 15.3702 0.613003
-5.42058 15.3903 0.600517
-5.43872 15.4104 0.587882
-5.45689 15.4304 0.575102
-5.47508 15.4503 0.562181
-5.49329 15.4703 0.54912
-5.51153 15.4901 0.535925
-5.52979 15.51 0.522597
-5.54807 15.5298 0.50914
-5.56638 15.5496 0.495558
-5.58471 15.5693 0.481853
-5.60306 15.589 0.46803
-5.62144 15.6087 0.454091
-5.63984 15.6283 0.44004
-5.65826 15.6479 0.42588
-5.67671 15.6674 0.411616
-5.69518 15.687 0.39725
-5.71367 15.7064 0.382786
-5.73219 15.7259 0.368228
-5.75073 15.7452 0.353578
-5.76929 15.7646 0.338842
-5.78787 15.7839 0.324022
-5.80648 15.8032 0.309122
-5.8251 15.8224 0.294146
-5.84376 15.8416 0.279098
-5.86243 15.8608 0.26398
-5.88113 15.8799 0.248798
-5.89985 15.899 0.233554
-5.91859 15.918 0.218252
-5.93735 15.937 0.202897
-5.95614 15.956 0.187492
-5.97495 15.9749 0.17204
-5.99378 15.9938 0.156547
-6.01263 16.0126 0.141014
-6.03151 16.0314 0.125447
-6.05041 16.0502 0.109849
-6.06933 16.0689 0.0942236
-6.08827 16.0876 0.0785753
-6.10723 16.1062 0.0629076
-6.12622 16.1248 0.0472244
-6.14522 16.1434 0.0315296
-6.16425 16.1619 0.015827
-6.18331 16.1804 0.000120635
-6.20238 16.1989 -0.0155857
-6.22147 16.2173 -0.0312882
-6.24059 16.2356 -0.0469829
-6.25973 16.254 -0.062666
-6.27889 16.2722 -0.0783336
-6.29807 16.2905 -0.0939818
-6.31727 16.3087 -0.109607
-6.33649 16.3269 -0.125205
-6.35574 16.345 -0.140772
-6.37501 16.3631 -0.156304
-6.39429 16.3811 -0.171797
-6.4136 16.3991 -0.187248
-6.43293 16.4171 -0.202653
-6.45229 16.435 -0.218008
-6.47166 16.4529 -0.233309
-6.49105 16.4707 -0.248552
-6.51047 16.4885 -0.263734
-6.5299 16.5063 -0.278851
-6.54936 16.524 -0.293899
-6.56884 16.5417 -0.308874
-6.58833 16.5593 -0.323774
-6.60785 16.5769 -0.338593
-6.62739 16.5945 -0.353329
-6.64695 16.612 -0.367977
-6.66653 16.6295 -0.382535
-6.68613 16.6469 -0.396998
-6.70576 16.6643 -0.411363
-6.7254 16.6816 -0.425626
-6.74506 16.699 -0.439785
-6.76474 16.7162 -0.453835
-6.78445 16.7334 -0.467773
-6.80417 16.7506 -0.481595
-6.82392 16.7678 -0.495299
-6.84372 16.7849 -0.508907
-6.8635 16.802 -0.522363
-6.88331 16.819 -0.535689
-6.90313 16.836 -0.548884
-6.92298 16.8529 -0.561942
-6.94284 16.8698 -0.574863
-6.96273 16.8867 -0.587641
-6.98263 16.9035 -0.600274
-7.00255 16.9202 -0.612759
-7.0225 16.937 -0.625093
-7.04246 16.9537 -0.637273
-7.06244 16.9703 -0.649295
-7.08245 16.9869 -0.661157
-7.10247 17.0035 -0.672856
-7.12251 17.02 -0.684388
-7.14257 17.0365 -0.695752
-7.16265 17.0529 -0.706945
-7.18275 17.0693 -0.717962
-7.20287 17.0857 -0.728803
-7.22301 17.102 -0.739463
-7.24317 17.1182 -0.749941
-7.26334 17.1345 -0.760234
-7.28354 17.1506 -0.77034
-7.30375 17.1668 -0.780255
-7.32399 17.1829 -0.789978
-7.34424 17.1989 -0.799506
-7.36451 17.2149 -0.808836
-7.3848 17.2309 -0.817967
-7.40511 17.2468 -0.826896
-7.42544 17.2627 -0.835621
-7.44578 17.2786 -0.844139
-7.46615 17.2944 -0.85245
-7.48653 17.3101 -0.86055
-7.50693 17.3258 -0.868437
-7.52736 17.3415 -0.876111
-7.54779 17.3571 -0.883568
-7.56825 17.3727 -0.890807
-7.58873 17.3883 -0.897826
-7.60922 17.4038 -0.904623
-7.62973 17.4192 -0.911198
-7.65027 17.4346 -0.917547
-7.67081 17.45 -0.92367
-7.69138 17.4653 -0.929565
-7.71197 17.4806 -0.935231
-7.73257 17.4959 -0.940666
-7.75319 17.5111 -0.945868
-7.77383 17.5262 -0.950837
-7.79448 17.5413 -0.955572
-7.81516 17.5564 -0.960071
-7.83585 17.5714 -0.964333
-7.85656 17.5864 -0.968356
-7.87729 17.6014 -0.972141
-7.89803 17.6163 -0.975686
-7.9188 17.6311 -0.97899
-7.93958 17.6459 -0.982053
-7.96037 17.6607 -0.984873
-7.98119 17.6754 -0.98745
-8.00202 17.6901 -0.989784
-8.02287 17.7047 -0.991873
-8.04374 17.7193 -0.993717
-8.06462 17.7339 -0.995317
-8.08552 17.7484 -0.99667
-8.10644 17.7628 -0.997778
-8.12737 17.7772 -0.998639
-8.14832 17.7916 -0.999254
-8.16929 17.8059 -0.999622
-8.19028 17.8202 -0.999744
-8.21128 17.8345 -0.999619
-8.2323 17.8487 -0.999247
-8.25334 17.8628 -0.998628
-8.27439 17.8769 -0.997763
-8.29546 17.891 -0.996652
-8.31654 17.905 -0.995295
-8.33764 17.919 -0.993692
-8.35876 17.9329 -0.991844
-8.3799 17.9468 -0.989752
-8.40105 17.9606 -0.987415
-8.42222 17.9744 -0.984834
-8.4434 17.9882 -0.98201
-8.4646 18.0019 -0.978944
-8.48582 18.0156 -0.975637
-8.50705 18.0292 -0.972088
-8.5283 18.0428 -0.9683
-8.54956 18.0563 -0.964272
-8.57084 18.0698 -0.960007
-8.59214 18.0832 -0.955505
-8.61345 18.0966 -0.950767
-8.63482 18.11 -0.945784
-8.65616 18.1233 -0.940578
-8.67752 18.1366 -0.935139
-8.6989 18.1498 -0.929469
-8.72029 18.163 -0.923571
-8.74169 18.1761 -0.917444
-8.76311 18.1892 -0.911091
-8.78455 18.2022 -0.904513
-8.806 18.2152 -0.897711
-8.82747 18.2282 -0.890688
-8.84895 18.2411 -0.883446
-8.87045 18.2539 -0.875985
-8.89196 18.2668 -0.868308
-8.91349 18.2795 -0.860417
-8.93503 18.2923 -0.852313
-8.95659 18.3049 -0.844
-8.97816 18.3176 -0.835477
-8.99975 18.3302 -0.826749
-9.02135 18.3427 -0.817817
-9.04296 18.3552 -0.808682
-9.0646 18.3677 -0.799348
-9.08624 18.3801 -0.789817
-9.1079 18.3924 -0.780091
-9.12958 18.4047 -0.770173
-9.15127 18.417 -0.760064
-9.17297 18.4292 -0.749768
-9.19469 18.4414 -0.739286
-9.21642 18.4536 -0.728622
-9.23817 18.4656 -0.717779
-9.25993 18.4777 -0.706758
-9.28171 18.4897 -0.695563
-9.3035 18.5016 -0.684196
-9.3253 18.5136 -0.67266
-9.34712 18.5254 -0.660958
-9.36895 18.5372 -0.649093
-9.3908 18.549 -0.637068
-9.41266 18.5607 -0.624886
-9.43453 18.5724 -0.612549
-9.45642 18.584 -0.600061
-9.47832 18.5956 -0.587425
-9.50023 18.6072 -0.574644
-9.52216 18.6187 -0.561721
-9.5441 18.6301 -0.54866
-9.56606 18.6415 -0.535463
-9.58802 18.6529 -0.522134
-9.61001 18.6642 -0.508676
-9.632 18.6755 -0.495092
-9.65401 18.6867 -0.481387
-9.67603 18.6978 -0.467562
-9.69806 18.709 -0.453622
-9.72011 18.7201 -0.43957
-9.74217 18.7311 -0.42541
-9.76425 18.7421 -0.411144
-9.78633 18.753 -0.396777
-9.80843 18.7639 -0.382312
-9.83054 18.7748 -0.367753
-9.85267 18.7856 -0.353103
-9.87481 18.7963 -0.338365
-9.89696 18.807 -0.323545
-9.91912 18.8177 -0.308644
-9.94129 18.8283 -0.293667
-9.96348 18.8389 -0.278617
-9.98568 18.8494 -0.263499
-10.0079 18.8599 -0.248316
-10.0301 18.8703 -0.233071
-10.0524 18.8807 -0.217769
-10.0746 18.8911 -0.202413
-10.0969 18.9014 -0.187007
-10.1191 18.9116 -0.171554
-10.1414 18.9218 -0.15606
-10.1637 18.9319 -0.140526
-10.186 18.9421 -0.124959
-10.2084 18.9521 -0.10936
-10.2307 18.9621 -0.0937338
-10.253 18.9721 -0.0780848
-10.2754 18.982 -0.0624164
-10.2978 18.9919 -0.0467326
-10.3201 19.0017 -0.0310372
-10.3425 19.0115 -0.015334
-10.3649 19.0212 0.000372953
-10.3873 19.0309 0.0160799
-10.4098 19.0405 0.0317829
-10.4322 19.0501 0.0474782
-10.4547 19.0597 0.0631618
-10.4771 19.0692 0.0788298
-10.4996 19.0786 0.0944785
-10.5221 19.088 0.110104
-10.5446 19.0974 0.125702
-10.5671 19.1067 0.14127
-10.5896 19.116 0.156833
-10.6122 19.1252 0.172327
-10.6347 19.1343 0.187778
-10.6572 19.1435 0.203184
-10.6798 19.1525 0.218539
-10.7024 19.1616 0.23384
-10.7249 19.1705 0.249083
-10.7475 19.1795 0.264266
-10.7701 19.1883 0.279383
-10.7927 19.1972 0.294431
-10.8154 19.206 0.309406
-10.838 19.2147 0.324306
-10.8606 19.2234 0.339125
-10.8833 19.232 0.353861
-10.906 19.2406 0.368509
-10.9286 19.2492 0.383067
-10.9513 19.2577 0.39753
-10.974 19.2662 0.411895
-10.9967 19.2746 0.426159
-11.0194 19.2829 0.440318
-11.0421 19.2912 0.454368
-11.0649 19.2995 0.468306
-11.0876 19.3077 0.482128
-11.1104 19.3159 0.495831
-11.1331 19.324 0.509413
-11.1559 19.3321 0.522868
-11.1787 19.3401 0.536195
-11.2015 19.3481 0.54939
-11.2243 19.356 0.562449
-11.2471 19.3639 0.575369
-11.2699 19.3717 0.588147
-11.2927 19.3795 0.60078
-11.3156 19.3873 0.613266
-11.3384 19.395 0.6256
-11.3613 19.4026 0.637779
-11.3841 19.4102 0.649801
-11.407 19.4178 0.661663
-11.4299 19.4253 0.673362
-11.4528 19.4327 0.684895
-11.4757 19.4401 0.696259
-11.4986 19.4475 0.707451
-11.5215 19.4548 0.718469
-11.5444 19.462 0.729309
-11.5673 19.4693 0.73997
-11.5903 19.4764 0.750448
-11.6132 19.4835 0.760741
-11.6362 19.4906 0.770846
-11.6591 19.4976 0.780761
-11.6821 19.5046 0.790484
-11.7051 19.5115 0.800011
-11.7281 19.5184 0.809342
-11.7511 19.5252 0.818472
-11.7741 19.532 0.827401
-11.7971 19.5388 0.836126
-11.8201 19.5454 0.844644
-11.8432 19.5521 0.852954
-11.8662 19.5587 0.861054
-11.8892 19.5652 0.868942
-11.9123 19.5717 0.876615
-11.9354 19.5781 0.884071
-11.9584 19.5845 0.89131
-11.9815 19.5909 0.898329
-12.0046 19.5972 0.905126
-12.0277 19.6034 0.9117
-12.0508 19.6096 0.918049
-12.0739 19.6158 0.924172
-12.097 19.6219 0.930067
-12.1201 19.6279 0.935732
-12.1432 19.6339 0.941167
-12.1664 19.6399 0.946369
-12.1895 19.6458 0.951338
-12.2127 19.6517 0.956072
-12.2358 19.6575 0.960571
-12.259 19.6633 0.964832
-12.2822 19.669 0.968856
-12.3053 19.6746 0.97264
-12.3285 19.6803 0.976185
-12.3517 19.6858 0.979489
-12.3749 19.6913 0.982551
-12.3981 19.6968 0.985371
-12.4213 19.7022 0.987948
-12.4445 19.7076 0.990281
-12.4677 19.713 0.992369
-12.491 19.7182 0.994213
-12.5142 19.7235 0.995812
-12.5374 19.7286 0.997165
-12.5607 19.7338 0.998273
-12.5839 19.7389 0.999134
-12.6072 19.7439 0.999749
-12.6305 19.7489 1.00012
-12.6538 19.7538 1.00024
-12.677 19.7587 1.00011
-12.7003 19.7636 0.999738
-12.7236 19.7684 0.999119
-12.7469 19.7731 0.998253
-12.7702 19.7778 0.997141
-12.7935 19.7824 0.995783
-12.8168 19.787 0.99418
-12.8401 19.7916 0.992331
-12.8634 19.7961 0.990237
-12.8868 19.8005 0.9879
-12.9101 19.8049 0.985318
-12.9334 19.8093 0.982494
-12.9568 19.8136 0.979427
-12.9801 19.8178 0.976118
-13.0035 19.8221 0.972569
-13.0268 19.8262 0.96878
-13.0502 19.8303 0.964752
-13.0735 19.8344 0.960485
-13.0969 19.8384 0.955982
-13.1203 19.8423 0.951244
-13.1437 19.8463 0.94627
-13.1671 19.8501 0.941063
-13.1904 19.8539 0.935624
-13.2138 19.8577 0.929954
-13.2372 19.8614 0.924055
-13.2606 19.8651 0.917928
-13.284 19.8687 0.911575
-13.3074 19.8723 0.904996
-13.3309 19.8758 0.898195
-13.3543 19.8793 0.891172
-13.3777 19.8827 0.883929
-13.4011 19.8861 0.876468
-13.4246 19.8894 0.868791
-13.448 19.8927 0.860899
-13.4714 19.8959 0.852795
-13.4949 19.8991 0.844481
-13.5183 19.9022 0.835959
-13.5418 19.9053 0.82723
-13.5652 19.9083 0.818298
-13.5887 19.9113 0.809163
-13.6121 19.9142 0.799829
-13.6356 19.9171 0.790298
-13.6591 19.9199 0.780572
-13.6825 19.9227 0.770653
-13.706 19.9254 0.760544
-13.7295 19.9281 0.750248
-13.753 19.9308 0.739766
-13.7764 19.9334 0.729102
-13.7999 19.9359 0.718259
-13.8234 19.9384 0.707238
-13.8469 19.9408 0.696042
-13.8704 19.9432 0.684675
-13.8939 19.9456 0.67314
-13.9174 19.9478 0.661438
-13.9409 19.9501 0.649573
-13.9644 19.9523 0.637548
-13.9879 19.9544 0.625365
-14.0114 19.9565 0.613029
-14.0349 19.9586 0.600541
-14.0584 19.9606 0.587905
-14.082 19.9625 0.575124
-14.1055 19.9644 0.562201
-14.129 19.9663 0.54914
-14.1525 19.9681 0.535943
-14.176 19.9698 0.522614
-14.1996 19.9715 0.509156
-14.2231 19.9732 0.495573
-14.2466 19.9748 0.481867
-14.2702 19.9763 0.468043
-14.2937 19.9778 0.454103
-14.3172 19.9793 0.440052
-14.3408 19.9807 0.425891
-14.3643 19.982 0.411626
-14.3879 19.9833 0.397259
-14.4114 19.9846 0.382795
-14.4349 19.9858 0.368236
-14.4585 19.987 0.353586
-14.482 19.9881 0.338849
-14.5056 19.9891 0.324028
-14.5291 19.9902 0.309128
-14.5527 19.9911 0.294151
-14.5762 19.992 0.279102
-14.5998 19.9929 0.263984
-14.6233 19.9937 0.248801
-14.6469 19.9945 0.233527
-14.6705 19.9952 0.218225
-14.6941 19.9958 0.202869
-14.7176 19.9965 0.187463
-14.7412 19.997 0.172011
-14.7647 19.9975 0.156517
-14.7883 19.998 0.140985
-14.8118 19.9984 0.125417
-14.8354 19.9988 0.109819
-14.859 19.9991 0.0941934
-14.8825 19.9994 0.0785448
-14.9061 19.9996 0.062877
-14.9297 19.9998 0.0471937
-14.9532 19.9999 0.0314988
-14.9768 20 0.0157963
-15.0003 20 8.99209e-05
-15.0239 20 -0.0156164
-15.0475 19.9999 -0.0313188
-15.071 19.9998 -0.0470134
-15.0946 19.9996 -0.0626963
-15.1181 19.9994 -0.0783637
-15.1417 19.9991 -0.0940116
-15.1653 19.9988 -0.109636
-15.1888 19.9984 -0.125234
-15.2124 19.998 -0.1408
-15.236 19.9975 -0.156332
-15.2595 19.997 -0.171825
-15.2831 19.9964 -0.187276
-15.3066 19.9958 -0.20268
-15.3302 19.9952 -0.218035
-15.3537 19.9944 -0.233335
-15.3773 19.9937 -0.248578
-15.4008 19.9929 -0.263759
-15.4244 19.992 -0.278875
-15.448 19.9911 -0.293923
-15.4715 19.9901 -0.308897
-15.4951 19.9891 -0.323796
-15.5186 19.9881 -0.338614
-15.5421 19.9869 -0.353349
-15.5657 19.9858 -0.367997
-15.5892 19.9846 -0.382553
-15.6128 19.9833 -0.397016
-15.6363 19.982 -0.41138
-15.6599 19.9806 -0.425642
-15.6834 19.9792 -0.4398
-15.7069 19.9778 -0.453849
-15.7305 19.9763 -0.467786
-15.754 19.9747 -0.481607
-15.7775 19.9731 -0.49531
-15.8011 19.9715 -0.50889
-15.8246 19.9698 -0.522344
-15.8481 19.968 -0.53567
-15.8716 19.9662 -0.548863
-15.8952 19.9644 -0.561921
-15.9187 19.9625 -0.57484
-15.9422 19.9605 -0.587617
-15.9657 19.9585 -0.600249
-15.9892 19.9565 -0.612733
-16.0127 19.9544 -0.625066
-16.0362 19.9522 -0.637244
-16.0597 19.95 -0.649265
-16.0832 19.9478 -0.661126
-16.1067 19.9455 -0.672824
-16.1302 19.9432 -0.684355
-16.1537 19.9408 -0.695718
-16.1772 19.9383 -0.706908
-16.2007 19.9358 -0.717925
-16.2242 19.9333 -0.728764
-16.2477 19.9307 -0.739423
-16.2712 19.9281 -0.7499
-16.2946 19.9254 -0.760191
-16.3181 19.9226 -0.770295
-16.3416 19.9199 -0.780209
-16.365 19.917 -0.78993
-16.3885 19.9141 -0.799456
-16.412 19.9112 -0.808785
-16.4354 19.9082 -0.817914
-16.4589 19.9052 -0.826842
-16.4823 19.9021 -0.835565
-16.5058 19.899 -0.844082
-16.5292 19.8958 -0.85239
-16.5526 19.8926 -0.860489
-16.5761 19.8893 -0.868375
-16.5995 19.886 -0.876046
-16.6229 19.8826 -0.883501
-16.6464 19.8792 -0.890739
-16.6698 19.8757 -0.897756
-16.6932 19.8722 -0.904552
-16.7166 19.8686 -0.911137
-16.74 19.865 -0.917484
-16.7634 19.8613 -0.923605
-16.7868 19.8576 -0.929498
-16.8102 19.8538 -0.935161
-16.8336 19.85 -0.940593
-16.857 19.8462 -0.945794
-16.8804 19.8422 -0.950761
-16.9038 19.8383 -0.955493
-16.9271 19.8343 -0.959989
-16.9505 19.8302 -0.964249
-16.9738 19.8261 -0.96827
-16.9972 19.8219 -0.972052
-17.0206 19.8177 -0.975595
-17.0439 19.8135 -0.978897
-17.0672 19.8092 -0.981957
-17.0906 19.8048 -0.984775
-17.1139 19.8004 -0.987349
-17.1372 19.796 -0.98968
-17.1605 19.7915 -0.991767
-17.1839 19.7869 -0.993609
-17.2072 19.7823 -0.995206
-17.2305 19.7777 -0.996557
-17.2538 19.773 -0.997662
-17.2771 19.7682 -0.998521
-17.3003 19.7634 -0.999133
-17.3236 19.7586 -0.999499
-17.3469 19.7537 -0.999618
-17.3702 19.7488 -0.99949
-17.3934 19.7438 -0.999116
-17.4167 19.7387 -0.998495
-17.4399 19.7336 -0.997628
-17.4632 19.7285 -0.996514
-17.4864 19.7233 -0.995154
-17.5097 19.7181 -0.993549
-17.5329 19.7128 -0.991699
-17.5561 19.7075 -0.989604
-17.5793 19.7021 -0.987264
-17.6025 19.6967 -0.984681
-17.6257 19.6912 -0.981855
-17.6489 19.6857 -0.978786
-17.6721 19.6801 -0.975476
-17.6953 19.6745 -0.971925
-17.7185 19.6688 -0.968135
-17.7416 19.6631 -0.964105
-17.7648 19.6573 -0.959837
-17.788 19.6515 -0.955333
-17.8111 19.6457 -0.950592
-17.8342 19.6398 -0.945617
-17.8574 19.6338 -0.940409
-17.8805 19.6278 -0.934968
-17.9036 19.6217 -0.929297
-17.9267 19.6156 -0.923396
-17.9498 19.6095 -0.917268
-17.9729 19.6033 -0.910912
-17.996 19.597 -0.904333
-18.0191 19.5907 -0.89753
-18.0422 19.5844 -0.890505
-18.0653 19.578 -0.883261
-18.0883 19.5715 -0.875798
-18.1114 19.565 -0.868119
-18.1344 19.5585 -0.860227
-18.1575 19.5519 -0.852121
-18.1805 19.5453 -0.843806
-18.2035 19.5386 -0.835282
-18.2265 19.5319 -0.826552
-18.2495 19.5251 -0.817618
-18.2725 19.5182 -0.808482
-18.2955 19.5114 -0.799147
-18.3185 19.5044 -0.789614
-18.3415 19.4975 -0.779886
-18.3644 19.4904 -0.769966
-18.3874 19.4834 -0.759856
-18.4103 19.4762 -0.749558
-18.4333 19.4691 -0.739075
-18.4562 19.4619 -0.72841
-18.4791 19.4546 -0.717565
-18.5021 19.4473 -0.706543
-18.525 19.4399 -0.695346
-18.5479 19.4325 -0.683978
-18.5708 19.4251 -0.672441
-18.5936 19.4176 -0.660738
-18.6165 19.41 -0.648872
-18.6394 19.4024 -0.636845
-18.6622 19.3948 -0.624662
-18.6851 19.3871 -0.612324
-18.7079 19.3793 -0.599835
-18.7308 19.3715 -0.587172
-18.7536 19.3637 -0.57439
-18.7764 19.3558 -0.561466
-18.7992 19.3479 -0.548403
-18.822 19.3399 -0.535205
-18.8448 19.3319 -0.521875
-18.8675 19.3238 -0.508416
-18.8903 19.3157 -0.494831
-18.913 19.3075 -0.481124
-18.9358 19.2993 -0.467298
-18.9585 19.291 -0.453357
-18.9812 19.2827 -0.439304
-19.0039 19.2743 -0.425143
-19.0267 19.2659 -0.410876
-19.0493 19.2575 -0.396508
-19.072 19.249 -0.382042
-19.0947 19.2404 -0.367482
-19.1174 19.2318 -0.352831
-19.14 19.2232 -0.338093
-19.1627 19.2145 -0.323271
-19.1853 19.2057 -0.30837
-19.2079 19.1969 -0.293392
-19.2305 19.1881 -0.278342
-19.2531 19.1792 -0.263223
-19.2757 19.1703 -0.248039
-19.2983 19.1613 -0.232793
-19.3209 19.1523 -0.21749
-19.3434 19.1432 -0.202134
-19.366 19.1341 -0.186727
-19.3885 19.1249 -0.171275
-19.411 19.1157 -0.15578
-19.4335 19.1064 -0.140246
-19.456 19.0971 -0.124678
-19.4785 19.0878 -0.109079
-19.501 19.0784 -0.0934524
-19.5235 19.0689 -0.0778031
-19.5459 19.0594 -0.0621345
-19.5684 19.0499 -0.0464505
-19.5908 19.0403 -0.0307549
-19.6133 19.0307 -0.0150517
-19.6357 19.021 0.00065537
-19.6581 19.0112 0.0163624
-19.6805 19.0015 0.0320654
-19.7028 18.9916 0.0477606
-19.7252 18.9818 0.0634441
-19.7476 18.9718 0.0791121
-19.7699 18.9619 0.0947606
-19.7922 18.9519 0.110386
-19.8146 18.9418 0.125984
-19.8369 18.9317 0.141551
-19.8592 18.9215 0.157083
-19.8815 18.9113 0.172577
-19.9037 18.9011 0.188028
-19.926 18.8908 0.203433
-19.9482 18.8805 0.218788
-19.9705 18.8701 0.234089
-19.9927 18.8596 0.249332
-20.0149 18.8492 0.264513
-20.0371 18.8386 0.27963
-20.0593 18.8281 0.294678
-20.0815 18.8174 0.309653
-20.1036 18.8068 0.324551
-20.1258 18.7961 0.33937
-20.1479 18.7853 0.354105
-20.1701 18.7745 0.368753
-20.1922 18.7636 0.38331
-20.2143 18.7528 0.397773
-20.2363 18.7418 0.412137
-20.2584 18.7308 0.4264
-20.2805 18.7198 0.440557
-20.3025 18.7087 0.454607
-20.3246 18.6976 0.468544
-20.3466 18.6864 0.482365
-20.3686 18.6752 0.496068
-20.3906 18.6639 0.509648
-20.4126 18.6526 0.523102
-20.4345 18.6412 0.536428
-20.4565 18.6298 0.549621
-20.4784 18.6184 0.562679
-20.5004 18.6069 0.575598
-20.5223 18.5953 0.588376
-20.5442 18.5838 0.601008
-20.5661 18.5721 0.613492
-20.5879 18.5604 0.625824
-20.6098 18.5487 0.638003
-20.6316 18.5369 0.650024
-20.6535 18.5251 0.661884
-20.6753 18.5132 0.673605
-20.6971 18.5013 0.685136
-20.7189 18.4894 0.696498
-20.7407 18.4774 0.707688
-20.7625 18.4653 0.718704
-20.7842 18.4532 0.729543
-20.8059 18.4411 0.740201
-20.8277 18.4289 0.750678
-20.8494 18.4167 0.760969
-20.871 18.4044 0.771072
-20.8927 18.3921 0.780985
-20.9144 18.3797 0.790706
-20.936 18.3673 0.800232
-20.9577 18.3549 0.80956
-20.9793 18.3424 0.818688
-21.0009 18.3298 0.827615
-21.0225 18.3172 0.836338
-21.044 18.3046 0.844854
-21.0656 18.2919 0.853162
-21.0871 18.2792 0.86126
-21.1087 18.2664 0.869145
-21.1302 18.2536 0.876816
-21.1517 18.2407 0.88427
-21.1732 18.2278 0.891507
-21.1946 18.2149 0.898524
-21.2161 18.2019 0.905319
-21.2375 18.1888 0.91189
-21.2589 18.1758 0.918237
-21.2803 18.1626 0.924358
-21.3017 18.1494 0.93025
-21.3231 18.1362 0.935913
-21.3445 18.123 0.941345
-21.3658 18.1096 0.946546
-21.3871 18.0963 0.951512
-21.4084 18.0829 0.956244
-21.4297 18.0694 0.96074
-21.451 18.056 0.964999
-21.4723 18.0424 0.96902
-21.4935 18.0289 0.972802
-21.5148 18.0152 0.976345
-21.536 18.0016 0.979646
-21.5572 17.9879 0.982706
-21.5784 17.9741 0.985523
-21.5995 17.9603 0.988098
-21.6207 17.9465 0.990428
-21.6418 17.9326 0.992515
-21.6629 17.9186 0.994356
-21.684 17.9047 0.995953
-21.7051 17.8906 0.997303
-21.7262 17.8766 0.998408
-21.7472 17.8625 0.999267
-21.7683 17.8483 0.999879
-21.7893 17.8341 1.00024
-21.8103 17.8199 1.00036
-21.8313 17.8056 1.00023
-21.8522 17.7913 0.99986
-21.8732 17.7769 0.999239
-21.8941 17.7625 0.998371
-21.915 17.748 0.997257
-21.9359 17.7335 0.995897
-21.9568 17.7189 0.994292
-21.9777 17.7044 0.992441
-21.9985 17.6897 0.990345
-22.0194 17.675 0.988006
-22.0402 17.6603 0.985422
-22.061 17.6455 0.982596
-22.0818 17.6307 0.979527
-22.1025 17.6159 0.976216
-22.1233 17.601 0.972665
-22.144 17.586 0.968874
-22.1647 17.5711 0.964844
-22.1854 17.556 0.960576
-22.2061 17.541 0.956071
-22.2267 17.5259 0.951331
-22.2474 17.5107 0.946355
-22.268 17.4955 0.941147
-22.2886 17.4803 0.935706
-22.3092 17.465 0.930034
-22.3297 17.4496 0.924133
-22.3503 17.4343 0.918004
-22.3708 17.4188 0.911649
-22.3913 17.4034 0.905069
-22.4118 17.3879 0.898266
-22.4323 17.3723 0.891241
-22.4528 17.3568 0.883996
-22.4732 17.3411 0.876533
-22.4936 17.3254 0.868855
-22.514 17.3097 0.860962
-22.5344 17.2939 0.85284
-22.5548 17.2781 0.844524
-22.5752 17.2623 0.835999
-22.5955 17.2464 0.827269
-22.6158 17.2305 0.818334
-22.6361 17.2145 0.809197
-22.6563 17.1985 0.799861
-22.6766 17.1824 0.790328
-22.6968 17.1663 0.7806
-22.717 17.1502 0.770679
-22.7372 17.134 0.760569
-22.7574 17.1178 0.750271
-22.7776 17.1015 0.739787
-22.7977 17.0852 0.729122
-22.8178 17.0689 0.718276
-22.8379 17.0525 0.707253
-22.858 17.036 0.696056
-22.8781 17.0195 0.684688
-22.8981 17.003 0.67315
-22.9181 16.9865 0.661447
-22.9381 16.9699 0.64958
-22.9581 16.9532 0.637553
-22.9781 16.9365 0.625369
-22.998 16.9198 0.613031
-23.0179 16.903 0.600542
-23.0379 16.8862 0.587905
-23.0577 16.8694 0.575122
-23.0776 16.8525 0.562198
-23.0974 16.8355 0.549135
-23.1173 16.8185 0.535937
-23.1371 16.8015 0.522607
-23.1569 16.7845 0.509148
-23.1766 16.7674 0.495563
-23.1964 16.7502 0.481857
-23.2161 16.733 0.468031
-23.2358 16.7158 0.45409
-23.2555 16.6985 0.440037
-23.2751 16.6812 0.425876
-23.2948 16.6639 0.411609
-23.3144 16.6465 0.397242
-23.334 16.629 0.382776
-23.3536 16.6116 0.368216
-23.3731 16.594 0.353565
-23.3927 16.5765 0.338827
-23.4122 16.5589 0.324006
-23.4317 16.5412 0.309105
-23.4512 16.5236 0.294127
-23.4706 16.5058 0.279077
-23.4901 16.4881 0.263959
-23.5095 16.4703 0.248775
-23.5289 16.4524 0.23353
-23.5482 16.4346 0.218228
-23.5676 16.4166 0.202872
-23.5869 16.3987 0.187465
-23.6062 16.3807 0.172013
-23.6255 16.3626 0.156519
-23.6448 16.3445 0.140985
-23.664 16.3264 0.125418
-23.6832 16.3082 0.109819
-23.7025 16.29 0.0941935
-23.7216 16.2718 0.0785447
-23.7408 16.2535 0.0628767
-23.7599 16.2352 0.0471933
-23.779 16.2168 0.0314984
-23.7981 16.1984 0.0157957
-23.8172 16.18 8.93393e-05
-23.8363 16.1615 -0.015617
-23.8553 16.1429 -0.0313193
-23.8743 16.1244 -0.0470138
-23.8933 16.1058 -0.0626966
-23.9122 16.0871 -0.0783639
-23.9312 16.0684 -0.0940117
-23.9501 16.0497 -0.109636
-23.969 16.031 -0.125233
-23.9879 16.0121 -0.1408
-24.0067 15.9933 -0.156331
-24.0256 15.9744 -0.171824
-24.0444 15.9555 -0.187274
-24.0632 15.9365 -0.202678
-24.0819 15.9175 -0.218032
-24.1007 15.8985 -0.233332
-24.1194 15.8794 -0.248574
-24.1381 15.8603 -0.263755
-24.1567 15.8411 -0.278871
-24.1754 15.8219 -0.293917
-24.194 15.8027 -0.308891
-24.2126 15.7834 -0.323789
-24.2313 15.7641 -0.338636
-24.2498 15.7447 -0.35337
-24.2684 15.7253 -0.368017
-24.2869 15.7059 -0.382572
-24.3054 15.6864 -0.397034
-24.3238 15.6669 -0.411397
-24.3423 15.6474 -0.425658
-24.3607 15.6278 -0.439815
-24.3791 15.6082 -0.453862
-24.3975 15.5885 -0.467798
-24.4158 15.5688 -0.481618
-24.4342 15.5491 -0.495319
-24.4525 15.5293 -0.508898
-24.4707 15.5095 -0.522351
-24.489 15.4896 -0.535676
-24.5072 15.4697 -0.548868
-24.5255 15.4498 -0.561924
-24.5436 15.4298 -0.574842
-24.5618 15.4098 -0.587617
-24.5799 15.3898 -0.600248
-24.5981 15.3697 -0.61273
-24.6162 15.3496 -0.625062
-24.6342 15.3294 -0.637238
-24.6523 15.3092 -0.649258
-24.6703 15.289 -0.661117
-24.6883 15.2687 -0.672813
-24.7063 15.2484 -0.684343
-24.7242 15.228 -0.695703
-24.7422 15.2077 -0.706892
-24.7601 15.1872 -0.717907
-24.7779 15.1668 -0.728744
-24.7958 15.1463 -0.739402
-24.8136 15.1257 -0.749876
-24.8314 15.1052 -0.760166
-24.8492 15.0846 -0.770268
-24.867 15.0639 -0.78018
-24.8847 15.0432 -0.789899
-24.9024 15.0225 -0.799424
-24.9201 15.0017 -0.80875
-24.9378 14.981 -0.817878
-24.9554 14.9601 -0.826803
-24.973 14.9393 -0.835524
-24.9906 14.9183 -0.844039
-25.0082 14.8974 -0.852346
-25.0257 14.8764 -0.860442
-25.0432 14.8554 -0.868326
-25.0607 14.8344 -0.875995
-25.0782 14.8133 -0.883448
-25.0956 14.7921 -0.890683
-25.113 14.771 -0.897698
-25.1304 14.7498 -0.904492
-25.1478 14.7285 -0.911062
-25.1651 14.7073 -0.917407
-25.1824 14.686 -0.923526
-25.1997 14.6646 -0.929417
-25.217 14.6432 -0.935079
-25.2342 14.6218 -0.940509
-25.2514 14.6004 -0.945708
-25.2686 14.5789 -0.950673
-25.2858 14.5574 -0.955403
-25.3029 14.5358 -0.959898
-25.32 14.5142 -0.964155
-25.3371 14.4926 -0.968175
-25.3542 14.4709 -0.971955
-25.3712 14.4492 -0.975496
-25.3882 14.4275 -0.978796
-25.4052 14.4057 -0.981854
-25.4222 14.3839 -0.98467
-25.4391 14.362 -0.987242
-25.456 14.3401 -0.989571
-25.4729 14.3182 -0.991656
-25.4898 14.2963 -0.993496
-25.5066 14.2743 -0.995091
-25.5234 14.2523 -0.99644
-25.5402 14.2302 -0.997543
-25.5569 14.2081 -0.9984
-25.5736 14.186 -0.99901
-25.5903 14.1638 -0.999374
-25.607 14.1416 -0.999491
-25.6237 14.1194 -0.999362
-25.6403 14.0971 -0.998986
-25.6569 14.0748 -0.998363
-25.6734 14.0525 -0.997493
-25.69 14.0301 -0.996378
-25.7065 14.0077 -0.995016
-25.723 13.9853 -0.993409
-25.7395 13.9628 -0.991557
-25.7559 13.9402 -0.989455
-25.7723 13.9177 -0.987113
-25.7887 13.8951 -0.984528
-25.8051 13.8725 -0.981699
-25.8214 13.8499 -0.978628
-25.8377 13.8272 -0.975316
-25.854 13.8045 -0.971762
-25.8702 13.7817 -0.967969
-25.8865 13.7589 -0.963937
-25.9026 13.7361 -0.959667
-25.9188 13.7133 -0.95516
-25.935 13.6904 -0.950417
-25.9511 13.6675 -0.94544
-25.9672 13.6445 -0.940229
-25.9832 13.6215 -0.934786
-25.9993 13.5985 -0.929113
-26.0153 13.5754 -0.92321
-26.0312 13.5524 -0.917079
-26.0472 13.5292 -0.910722
-26.0631 13.5061 -0.904139
-26.079 13.4829 -0.897334
-26.0949 13.4597 -0.890307
-26.1107 13.4364 -0.883061
-26.1265 13.4131 -0.875596
-26.1423 13.3898 -0.867915
-26.1581 13.3665 -0.86002
-26.1738 13.3431 -0.851913
-26.1895 13.3197 -0.843595
-26.2052 13.2962 -0.835069
-26.2209 13.2727 -0.826337
-26.2365 13.2492 -0.817401
-26.2521 13.2257 -0.808263
-26.2676 13.2021 -0.798926
-26.2832 13.1785 -0.789391
-26.2987 13.1548 -0.779661
-26.3142 13.1311 -0.769739
-26.3296 13.1074 -0.759627
-26.3451 13.0837 -0.749327
-26.3605 13.0599 -0.738843
-26.3758 13.0361 -0.728176
-26.3912 13.0122 -0.717329
-26.4065 12.9884 -0.706305
-26.4218 12.9645 -0.695106
-26.437 12.9405 -0.683736
-26.4523 12.9166 -0.672198
-26.4675 12.8926 -0.660493
-26.4827 12.8685 -0.648625
-26.4978 12.8445 -0.636597
-26.5129 12.8204 -0.624412
-26.528 12.7962 -0.612072
-26.5431 12.7721 -0.599582
-26.5581 12.7479 -0.586943
-26.5731 12.7237 -0.574159
-26.5881 12.6994 -0.561234
-26.603 12.6751 -0.54817
-26.6179 12.6508 -0.534971
-26.6328 12.6265 -0.521639
-26.6477 12.6021 -0.508179
-26.6625 12.5777 -0.494593
-26.6773 12.5532 -0.480886
-26.6921 12.5287 -0.467059
-26.7068 12.5042 -0.453117
-26.7216 12.4797 -0.439063
-26.7363 12.4551 -0.4249
-26.7509 12.4306 -0.410633
-26.7655 12.4059 -0.396264
-26.7801 12.3813 -0.381798
-26.7947 12.3566 -0.367237
-26.8093 12.3319 -0.352585
-26.8238 12.3071 -0.337846
-26.8383 12.2823 -0.323024
-26.8527 12.2575 -0.308121
-26.8671 12.2327 -0.293143
-26.8815 12.2078 -0.278092
-26.8959 12.1829 -0.262973
-26.9102 12.158 -0.247788
-26.9245 12.133 -0.232543
-26.9388 12.108 -0.217239
-26.9531 12.083 -0.201883
-26.9673 12.058 -0.186476
-26.9815 12.0329 -0.171023
-26.9956 12.0078 -0.155527
-27.0098 11.9826 -0.139993
-27.0239 11.9575 -0.124425
-27.038 11.9323 -0.108826
-27.052 11.9071 -0.0931993
-27.066 11.8818 -0.0775499
-27.08 11.8565 -0.0618813
-27.094 11.8311 -0.0461659
-27.1079 11.8058 -0.0304703
-27.1218 11.7804 -0.014767
-27.1357 11.755 0.000939957
-27.1495 11.7296 0.0166469
-27.1633 11.7041 0.0323498
-27.1771 11.6786 0.0480448
-27.1908 11.6531 0.0637282
-27.2045 11.6276 0.0793959
-27.2182 11.602 0.0950442
-27.2319 11.5764 0.110669
-27.2455 11.5508 0.126267
-27.2591 11.5251 0.141834
-27.2726 11.4994 0.157365
-27.2862 11.4737 0.172859
-27.2997 11.448 0.188309
-27.3131 11.4222 0.203714
-27.3266 11.3964 0.219068
-27.34 11.3705 0.234368
-27.3534 11.3447 0.249611
-27.3667 11.3188 0.264792
-27.38 11.2929 0.279908
-27.3933 11.2669 0.294954
-27.4066 11.241 0.309929
-27.4198 11.215 0.324827
-27.433 11.1889 0.339645
-27.4462 11.1629 0.354379
-27.4593 11.1368 0.369026
-27.4724 11.1107 0.383582
-27.4855 11.0846 0.398043
-27.4985 11.0584 0.412407
-27.5115 11.0322 0.426669
-27.5245 11.006 0.440825
-27.5375 10.9798 0.454873
-27.5504 10.9535 0.468809
-27.5633 10.9272 0.482629
-27.5761 10.9009 0.496331
-27.589 10.8745 0.50991
-27.6018 10.8481 0.523363
-27.6145 10.8217 0.536688
-27.6273 10.7953 0.54988
-27.64 10.7688 0.562936
-27.6526 10.7423 0.575854
-27.6653 10.7158 0.58863
-27.6779 10.6893 0.60126
-27.6905 10.6627 0.613743
-27.703 10.6361 0.626074
-27.7155 10.6095 0.638251
-27.728 10.5829 0.65027
-27.7405 10.5562 0.662129
-27.7529 10.5295 0.673825
-27.7653 10.5028 0.685355
-27.7776 10.476 0.696716
-27.79 10.4493 0.707905
-27.8023 10.4225 0.718919
-27.8145 10.3956 0.729757
-27.8267 10.3688 0.740414
-27.8389 10.3419 0.750889
-27.8511 10.315 0.761178
-27.8632 10.2881 0.77128
-27.8754 10.2611 0.781192
-27.8874 10.2341 0.790911
-27.8995 10.2071 0.800435
-27.9115 10.1801 0.809762
-27.9235 10.153 0.818889
-27.9354 10.126 0.827814
-27.9473 10.0989 0.836535
-27.9592 10.0717 0.84505
-27.971 10.0446 0.853356
-27.9829 10.0174 0.861452
-27.9946 9.9902 0.869335
-28.0064 9.96297 0.877005
-28.0181 9.93572 0.884457
-28.0298 9.90844 0.891692
-28.0415 9.88114 0.898707
-28.0531 9.85381 0.9055
-28.0647 9.82646 0.91207
-28.0762 9.79909 0.918415
-28.0878 9.77169 0.924534
-28.0993 9.74426 0.930425
-28.1107 9.71682 0.936086
-28.1222 9.68935 0.941516
-28.1336 9.66185 0.946714
-28.1449 9.63433 0.951679
-28.1563 9.60679 0.956409
-28.1676 9.57922 0.960903
-28.1788 9.55163 0.96516
-28.1901 9.52397 0.969187
-28.2013 9.49633 0.972967
-28.2125 9.46867 0.976507
-28.2236 9.44098 0.979806
-28.2347 9.41328 0.982863
-28.2458 9.38555 0.985678
-28.2568 9.35779 0.98825
-28.2678 9.33002 0.990578
-28.2788 9.30222 0.992662
-28.2897 9.2744 0.994501
-28.3007 9.24655 0.996095
-28.3115 9.21868 0.997443
-28.3224 9.19079 0.998546
-28.3332 9.16288 0.999402
-28.344 9.13494 1.00001
-28.3547 9.10698 1.00037
-28.3654 9.079 1.00049
-28.3761 9.051 1.00036
-28.3868 9.02297 0.999983
-28.3974 8.99492 0.999359
-28.4079 8.96685 0.998489
-28.4185 8.93876 0.997372
-28.429 8.91065 0.99601
-28.4395 8.88251 0.994402
-28.4499 8.85435 0.992549
-28.4604 8.82617 0.990451
-28.4707 8.79797 0.988109
-28.4811 8.76974 0.985523
-28.4914 8.7415 0.982694
-28.5017 8.71323 0.979622
-28.5119 8.68494 0.97631
-28.5221 8.65663 0.972756
-28.5323 8.6283 0.968962
-28.5425 8.59995 0.96493
-28.5526 8.57157 0.96066
-28.5627 8.54318 0.956152
-28.5727 8.51476 0.951409
-28.5827 8.48633 0.946432
-28.5927 8.45787 0.941221
-28.6027 8.42939 0.935777
-28.6126 8.40089 0.930103
-28.6225 8.37237 0.9242
-28.6323 8.34383 0.918069
-28.6421 8.31527 0.911711
-28.6519 8.28668 0.905129
-28.6616 8.25808 0.898323
-28.6713 8.22946 0.891296
-28.681 8.20082 0.88405
-28.6907 8.17215 0.876585
-28.7003 8.14347 0.868904
-28.7099 8.11476 0.861008
-28.7194 8.08604 0.852901
-28.7289 8.0573 0.844583
-28.7384 8.02853 0.836057
-28.7478 7.99975 0.827324
-28.7572 7.97095 0.818388
-28.7666 7.94212 0.80925
-28.7759 7.91328 0.799913
-28.7853 7.88442 0.790378
-28.7945 7.85554 0.780648
-28.8038 7.82664 0.770726
-28.813 7.79772 0.760614
-28.8221 7.76878 0.750314
-28.8313 7.73982 0.739829
-28.8404 7.71084 0.729162
-28.8494 7.68184 0.718315
-28.8585 7.65283 0.707291
-28.8675 7.62379 0.696093
-28.8764 7.59474 0.684723
-28.8854 7.56567 0.673184
-28.8943 7.53658 0.661479
-28.9031 7.50747 0.649611
-28.9119 7.47834 0.637583
-28.9207 7.44919 0.625398
-28.9295 7.42003 0.613058
-28.9382 7.39085 0.600568
-28.9469 7.36165 0.587929
-28.9556 7.33243 0.575146
-28.9642 7.30319 0.562221
-28.9728 7.27393 0.549157
-28.9813 7.24466 0.535958
-28.9898 7.21537 0.522627
-28.9983 7.18606 0.509167
-29.0068 7.15673 0.495581
-29.0152 7.12739 0.481873
-29.0236 7.09803 0.468047
-29.0319 7.06865 0.454105
-29.0402 7.03925 0.440051
-29.0485 7.00978 0.425861
-29.0568 6.98034 0.411594
-29.065 6.95089 0.397225
-29.0731 6.92143 0.382758
-29.0813 6.89195 0.368197
-29.0894 6.86245 0.353546
-29.0974 6.83293 0.338807
-29.1055 6.80339 0.323985
-29.1135 6.77384 0.309083
-29.1214 6.74428 0.294105
-29.1294 6.71469 0.279054
-29.1373 6.68509 0.263935
-29.1451 6.65547 0.248751
-29.1529 6.62584 0.233505
-29.1607 6.59619 0.218202
-29.1685 6.56652 0.202846
-29.1762 6.53684 0.187439
-29.1839 6.50714 0.171986
-29.1915 6.47743 0.156492
-29.1991 6.4477 0.140958
-29.2067 6.41795 0.12539
-29.2143 6.38819 0.109791
-29.2218 6.35841 0.0941652
-29.2292 6.32862 0.0785163
-29.2367 6.29881 0.0628481
-29.2441 6.26898 0.0471645
-29.2515 6.23914 0.0314695
-29.2588 6.20929 0.0157668
-29.2661 6.17941 6.03663e-05
-29.2733 6.14953 -0.0156459
-29.2806 6.11963 -0.0313483
-29.2878 6.08971 -0.0470427
-29.2949 6.05978 -0.0627254
-29.302 6.02983 -0.0783925
-29.3091 5.99987 -0.0940401
-29.3162 5.96989 -0.109664
-29.3232 5.9399 -0.125261
-29.3302 5.9099 -0.140827
-29.3371 5.87988 -0.156358
-29.344 5.84984 -0.171851
-29.3509 5.81979 -0.187301
-29.3577 5.78973 -0.202704
-29.3645 5.75965 -0.218058
-29.3713 5.72956 -0.233357
-29.378 5.69945 -0.248599
-29.3847 5.66933 -0.263779
-29.3914 5.6392 -0.278894
-29.398 5.60905 -0.29394
-29.4046 5.57889 -0.308913
-29.4112 5.54871 -0.32381
-29.4177 5.51852 -0.338627
-29.4242 5.48832 -0.353361
-29.4306 5.4581 -0.368007
-29.437 5.42787 -0.382562
-29.4434 5.39763 -0.397022
-29.4498 5.36737 -0.411384
-29.4561 5.3371 -0.425645
-29.4623 5.30682 -0.439801
-29.4686 5.27652 -0.453848
-29.4748 5.24621 -0.467783
-29.4809 5.21589 -0.481602
-29.4871 5.18555 -0.495302
-29.4931 5.15521 -0.50888
-29.4992 5.12485 -0.522332
-29.5052 5.09447 -0.535655
-29.5112 5.06409 -0.548846
-29.5172 5.03369 -0.561902
-29.5231 5.00328 -0.574818
-29.5289 4.97285 -0.587593
-29.5348 4.94242 -0.600222
-29.5406 4.91197 -0.612703
-29.5464 4.88151 -0.625033
-29.5521 4.85104 -0.637209
-29.5578 4.82056 -0.649227
-29.5634 4.79006 -0.661085
-29.5691 4.75955 -0.672779
-29.5747 4.72903 -0.684308
-29.5802 4.6985 -0.695667
-29.5857 4.66796 -0.706855
-29.5912 4.63741 -0.717868
-29.5967 4.60684 -0.728704
-29.6021 4.57626 -0.73936
-29.6074 4.54568 -0.749833
-29.6128 4.51508 -0.760121
-29.6181 4.48447 -0.770222
-29.6233 4.45384 -0.780132
-29.6286 4.42321 -0.789849
-29.6338 4.39251 -0.799391
-29.6389 4.36185 -0.808716
-29.6441 4.33119 -0.817841
-29.6491 4.30051 -0.826764
-29.6542 4.26983 -0.835483
-29.6592 4.23913 -0.843996
-29.6642 4.20842 -0.852301
-29.6691 4.1777 -0.860395
-29.674 4.14698 -0.868276
-29.6789 4.11624 -0.875943
-29.6837 4.08549 -0.883394
-29.6885 4.05473 -0.890627
-29.6933 4.02396 -0.89764
-29.698 3.99318 -0.904431
-29.7027 3.96239 -0.910999
-29.7073 3.9316 -0.917342
-29.7119 3.90079 -0.923459
-29.7165 3.86997 -0.929347
-29.7211 3.83914 -0.935007
-29.7256 3.80831 -0.940435
-29.73 3.77746 -0.945631
-29.7345 3.74661 -0.950594
-29.7389 3.71574 -0.955322
-29.7432 3.68487 -0.959814
-29.7475 3.65399 -0.964069
-29.7518 3.6231 -0.968086
-29.7561 3.59219 -0.971864
-29.7603 3.56128 -0.975402
-29.7645 3.53037 -0.9787
-29.7686 3.49944 -0.981756
-29.7727 3.4685 -0.984569
-29.7768 3.43756 -0.987139
-29.7808 3.40661 -0.989466
-29.7848 3.37565 -0.991548
-29.7888 3.34468 -0.993386
-29.7927 3.3137 -0.994978
-29.7966 3.28271 -0.996325
-29.8004 3.25172 -0.997425
-29.8042 3.22072 -0.99828
-29.808 3.18971 -0.998888
-29.8118 3.15869 -0.999249
-29.8155 3.12766 -0.999364
-29.8191 3.09663 -0.999232
-29.8227 3.06559 -0.998853
-29.8263 3.03454 -0.998227
-29.8299 3.00349 -0.997356
-29.8334 2.97242 -0.996238
-29.8369 2.94135 -0.994874
-29.8403 2.91027 -0.993264
-29.8438 2.87919 -0.991409
-29.8471 2.8481 -0.98931
-29.8505 2.817 -0.986966
-29.8538 2.78589 -0.984378
-29.857 2.75478 -0.981548
-29.8603 2.72366 -0.978475
-29.8635 2.69253 -0.97516
-29.8666 2.6614 -0.971605
-29.8697 2.63026 -0.96781
-29.8728 2.59911 -0.963776
-29.8758 2.56796 -0.959504
-29.8789 2.5368 -0.954995
-29.8818 2.50563 -0.950251
-29.8848 2.47446 -0.945271
-29.8877 2.44329 -0.940059
-29.8905 2.4121 -0.934614
-29.8933 2.38091 -0.928939
-29.8961 2.34972 -0.923034
-29.8989 2.31852 -0.916901
-29.9016 2.28731 -0.910542
-29.9043 2.2561 -0.903958
-29.9069 2.22488 -0.897151
-29.9095 2.19365 -0.890123
-29.9121 2.16243 -0.882874
-29.9146 2.13119 -0.875408
-29.9171 2.09995 -0.867725
-29.9195 2.06871 -0.859829
-29.922 2.03746 -0.85172
-29.9243 2.0062 -0.8434
-29.9267 1.97494 -0.834873
-29.929 1.94368 -0.826139
-29.9313 1.91241 -0.817201
-29.9335 1.88113 -0.808062
-29.9357 1.84985 -0.798723
-29.9379 1.81857 -0.789187
-29.94 1.78728 -0.779456
-29.9421 1.75599 -0.769532
-29.9441 1.72469 -0.759418
-29.9461 1.69333 -0.749097
-29.9481 1.66202 -0.73861
-29.9501 1.63071 -0.727941
-29.952 1.5994 -0.717093
-29.9538 1.56808 -0.706067
-29.9557 1.53676 -0.694867
-29.9574 1.50544 -0.683495
-29.9592 1.47411 -0.671955
-29.9609 1.44278 -0.660248
-29.9626 1.41144 -0.648379
-29.9642 1.3801 -0.636349
-29.9659 1.34876 -0.624163
-29.9674 1.31741 -0.611822
-29.969 1.28606 -0.59933
-29.9705 1.25471 -0.58669
-29.9719 1.22336 -0.573905
-29.9733 1.192 -0.560978
-29.9747 1.16064 -0.547913
-29.9761 1.12927 -0.534712
-29.9774 1.0979 -0.521379
-29.9787 1.06653 -0.507918
-29.9799 1.03516 -0.494331
-29.9811 1.00379 -0.480622
-29.9823 0.972409 -0.466794
-29.9834 0.941029 -0.452851
-29.9845 0.909647 -0.438796
-29.9855 0.878262 -0.424632
-29.9865 0.846875 -0.410364
-29.9875 0.815487 -0.395994
-29.9885 0.784096 -0.381526
-29.9894 0.752703 -0.366965
-29.9902 0.721308 -0.352312
-29.9911 0.689912 -0.337572
-29.9919 0.658514 -0.322749
-29.9926 0.627114 -0.307846
-29.9933 0.595713 -0.292867
-29.994 0.56431 -0.277815
-29.9947 0.532906 -0.262695
-29.9953 0.501501 -0.24751
-29.9959 0.470094 -0.232264
-29.9964 0.438686 -0.21696
-29.9969 0.407277 -0.201602
-29.9974 0.375868 -0.186195
-29.9978 0.344457 -0.170741
-29.9982 0.313045 -0.155246
-29.9985 0.281633 -0.139711
-29.9988 0.250219 -0.124142
-29.9991 0.218806 -0.108543
-29.9993 0.187391 -0.0929162
-29.9995 0.155976 -0.0772665
-29.9997 0.124561 -0.0615976
-29.9998 0.0931459 -0.0459134
-29.9999 0.0617302 -0.0302177
-30 0.0303143 -0.0145143
-30 -0.00122726 0.00125559
-30 -0.0326432 0.0169625
-29.9999 -0.064059 0.0326655
-29.9998 -0.0954747 0.0483605
-29.9997 -0.12689 0.0640438
-29.9995 -0.158305 0.0797114
-29.9993 -0.18972 0.0953595
-29.9991 -0.221134 0.110984
-29.9988 -0.252548 0.126582
-29.9985 -0.283961 0.142148
-29.9981 -0.315374 0.15768
-29.9977 -0.346785 0.173173
-29.9973 -0.378196 0.188623
-29.9969 -0.409606 0.204027
-29.9964 -0.441015 0.219381
-29.9958 -0.472422 0.234681
-29.9952 -0.503829 0.249923
-29.9946 -0.535234 0.265103
-29.994 -0.566638 0.280219
-29.9933 -0.598041 0.295265
-29.9926 -0.629442 0.310239
-29.9918 -0.660842 0.325136
-29.991 -0.69224 0.339953
-29.9902 -0.723636 0.354687
-29.9893 -0.75503 0.369333
-29.9884 -0.786423 0.383888
-29.9875 -0.817813 0.398349
-29.9865 -0.849202 0.412711
-29.9855 -0.880589 0.426972
-29.9844 -0.911973 0.441128
-29.9833 -0.943355 0.455175
-29.9822 -0.974735 0.46911
-29.981 -1.00611 0.482929
-29.9798 -1.03749 0.49663
-29.9786 -1.06886 0.510208
-29.9773 -1.10023 0.52366
-29.976 -1.1316 0.536983
-29.9746 -1.16296 0.550174
-29.9732 -1.19432 0.563229
-29.9718 -1.22568 0.576146
-29.9703 -1.25704 0.58892
-29.9688 -1.28839 0.60155
-29.9673 -1.31974 0.614031
-29.9657 -1.35108 0.626361
-29.9641 -1.38243 0.638536
-29.9625 -1.41376 0.650554
-29.9608 -1.4451 0.662412
-29.9591 -1.47643 0.674106
-29.9573 -1.50776 0.685635
-29.9555 -1.53908 0.696994
-29.9537 -1.57041 0.708182
-29.9518 -1.60172 0.719194
-29.9499 -1.63304 0.73003
-29.948 -1.66434 0.740686
-29.946 -1.69565 0.751159
-29.944 -1.72695 0.761447
-29.9419 -1.75825 0.771547
-29.9398 -1.78954 0.781457
-29.9377 -1.82083 0.791174
-29.9355 -1.85211 0.800697
-29.9333 -1.88339 0.810022
-29.9311 -1.91466 0.819147
-29.9288 -1.94593 0.82807
-29.9265 -1.9772 0.83679
-29.9242 -2.00846 0.845302
-29.9218 -2.03971 0.853607
-29.9194 -2.07096 0.861701
-29.9169 -2.1022 0.869583
-29.9144 -2.13344 0.87725
-29.9119 -2.16468 0.884701
-29.9093 -2.19591 0.891934
-29.9067 -2.22713 0.898947
-29.9041 -2.25835 0.905738
-29.9014 -2.28956 0.912306
-29.8987 -2.32077 0.918649
-29.8959 -2.35197 0.924765
-29.8931 -2.38316 0.930654
-29.8903 -2.41435 0.936313
-29.8874 -2.44553 0.941741
-29.8845 -2.47671 0.946938
-29.8816 -2.50788 0.9519
-29.8786 -2.53905 0.956628
-29.8756 -2.57021 0.96112
-29.8726 -2.60136 0.965375
-29.8695 -2.6325 0.969392
-29.8664 -2.66364 0.97317
-29.8632 -2.69478 0.976708
-29.86 -2.7259 0.980006
-29.8568 -2.75702 0.983061
-29.8535 -2.78813 0.985875
-29.8502 -2.81924 0.988445
-29.8469 -2.85034 0.990771
-29.8435 -2.88143 0.992854
-29.8401 -2.91252 0.994691
-29.8366 -2.94359 0.996283
-29.8332 -2.97466 0.99763
-29.8296 -3.00573 0.99873
-29.8261 -3.03678 0.999585
-29.8225 -3.06783 1.00019
-29.8188 -3.09887 1.00055
-29.8152 -3.1299 1.00067
-29.8115 -3.16093 1.00054
-29.8077 -3.19194 1.00016
-29.8039 -3.22295 0.999532
-29.8001 -3.25395 0.99866
-29.7963 -3.28495 0.997542
-29.7924 -3.31593 0.996177
-29.7885 -3.34691 0.994568
-29.7845 -3.37788 0.992713
-29.7805 -3.40884 0.990613
-29.7765 -3.43979 0.988269
-29.7724 -3.47074 0.985682
-29.7683 -3.50167 0.982851
-29.7641 -3.5326 0.979778
-29.76 -3.56351 0.976463
-29.7558 -3.59442 0.972908
-29.7515 -3.62532 0.969113
-29.7472 -3.65621 0.965079
-29.7429 -3.6871 0.960807
-29.7385 -3.71797 0.956298
-29.7341 -3.74883 0.951553
-29.7297 -3.77969 0.946574
-29.7252 -3.81053 0.941361
-29.7207 -3.84137 0.935917
-29.7162 -3.87219 0.930241
-29.7116 -3.90301 0.924336
-29.707 -3.93382 0.918204
-29.7023 -3.96462 0.911844
-29.6976 -3.9954 0.905261
-29.6929 -4.02618 0.898453
-29.6881 -4.05695 0.891425
-29.6833 -4.08771 0.884177
-29.6785 -4.11845 0.87671
-29.6736 -4.14919 0.869028
-29.6687 -4.17992 0.861131
-29.6638 -4.21064 0.853022
-29.6588 -4.24134 0.844703
-29.6538 -4.27204 0.836175
-29.6487 -4.30272 0.827442
-29.6437 -4.3334 0.818504
-29.6385 -4.36406 0.809365
-29.6334 -4.39472 0.800026
-29.6282 -4.42536 0.79049
-29.623 -4.45599 0.780759
-29.6177 -4.48661 0.770835
-29.6124 -4.51722 0.760722
-29.607 -4.54782 0.750421
-29.6017 -4.57841 0.739935
-29.5963 -4.60898 0.729267
-29.5908 -4.63955 0.718419
-29.5853 -4.6701 0.707394
-29.5798 -4.70064 0.696194
-29.5742 -4.73117 0.684823
-29.5687 -4.76169 0.673283
-29.563 -4.7922 0.661578
-29.5574 -4.82269 0.649709
-29.5517 -4.85318 0.63768
-29.5459 -4.88365 0.625494
-29.5402 -4.91411 0.613154
-29.5343 -4.94455 0.600662
-29.5285 -4.97499 0.588023
-29.5226 -5.00541 0.575239
-29.5167 -5.03582 0.562313
-29.5108 -5.06622 0.549248
-29.5048 -5.0966 0.536048
-29.4988 -5.12697 0.522717
-29.4927 -5.15733 0.509256
-29.4866 -5.18768 0.49567
-29.4805 -5.21802 0.481961
-29.4743 -5.24834 0.468134
-29.4681 -5.27865 0.454192
-29.4619 -5.30894 0.440138
-29.4556 -5.33922 0.425975
-29.4493 -5.36949 0.411708
-29.4429 -5.39975 0.397339
-29.4366 -5.42999 0.382872
-29.4301 -5.46022 0.368311
-29.4237 -5.49044 0.35366
-29.4172 -5.52064 0.338921
-29.4107 -5.55083 0.324099
-29.4041 -5.581 0.309197
-29.3975 -5.61116 0.294219
-29.3909 -5.64131 0.279168
-29.3842 -5.67144 0.264049
-29.3775 -5.70156 0.248865
-29.3708 -5.73167 0.23362
-29.364 -5.76176 0.218317
-29.3572 -5.79184 0.202961
-29.3504 -5.8219 0.187555
-29.3435 -5.85195 0.172102
-29.3366 -5.88198 0.156608
-29.3297 -5.912 0.141075
-29.3227 -5.942 0.125507
-29.3157 -5.97199 0.109909
-29.3086 -6.00197 0.0942832
-29.3015 -6.03193 0.0786348
-29.2944 -6.06188 0.0629672
-29.2872 -6.09181 0.0472843
-29.28 -6.12172 0.0315899
-29.2728 -6.15162 0.0158879
-29.2655 -6.18151 0.000182248
-29.2582 -6.21138 -0.0155233
-29.2509 -6.24123 -0.0312248
-29.2435 -6.27107 -0.0469184
-29.2361 -6.3009 -0.0626002
-29.2287 -6.33071 -0.0782664
-29.2212 -6.3605 -0.093913
-29.2137 -6.39027 -0.109536
-29.2062 -6.42004 -0.125132
-29.1986 -6.44978 -0.140697
-29.191 -6.47951 -0.156227
-29.1833 -6.50922 -0.171719
-29.1756 -6.53892 -0.187167
-29.1679 -6.5686 -0.20257
